     0/999     6.89G    0.1371    0.5321     0.145   0.07526    0.8894       191       640         0         0         0         0         0         0         0
     1/999     6.89G    0.1196    0.1355    0.0208   0.06438    0.3402       180       640         0         0         0         0         0         0         0
     2/999     6.89G    0.1096   0.09886   0.02381   0.06382    0.2961       225       640         0         0         0         0         0         0         0
     3/999     6.89G   0.09691   0.06887   0.02981   0.06154    0.2571       202       640         0         0         0         0         0         0         0
     4/999     6.89G   0.08836   0.05534   0.03213   0.05597    0.2318       212       640         0         0         0         0         0         0         0
     5/999     6.89G   0.08272   0.04776   0.03047   0.05163    0.2126       208       640         0         0         0         0         0         0         0
     6/999     6.89G    0.0783   0.04201   0.02662   0.04234    0.1893       211       640         0         0         0         0         0         0         0
     7/999     6.89G   0.07327   0.03559   0.02426   0.03857    0.1717       202       640         0         0         0         0         0         0         0
     8/999     6.89G   0.06929   0.03131   0.02239   0.03626    0.1593       204       640         0         0         0         0         0         0         0
     9/999     6.89G   0.06632   0.02813   0.01927   0.03423     0.148       207       640         0         0         0         0         0         0         0
    10/999     6.89G   0.06229   0.02439   0.01778   0.03271    0.1372       215       640         0         0         0         0         0         0         0
    11/999     6.89G   0.05949   0.02219   0.01659    0.0321    0.1304       199       640         0         0         0         0         0         0         0
    12/999     6.89G   0.05809   0.02127   0.01596   0.03175    0.1271       241       640         0         0         0         0         0         0         0
    13/999     6.89G   0.05484   0.01932   0.01547   0.03147    0.1211       228       640         0         0         0         0         0         0         0
    14/999     6.89G   0.05322   0.01846   0.01489   0.03112    0.1177       182       640         0         0         0         0         0         0         0
    15/999     6.89G   0.05194   0.01711   0.01453   0.03084    0.1144       190       640         0         0         0         0         0         0         0
    16/999     6.89G   0.04912   0.01603   0.01422   0.03034    0.1097       180       640         0         0         0         0         0         0         0
    17/999     6.89G   0.04855   0.01544   0.01391   0.02948    0.1074       206       640         0         0         0         0         0         0         0
    18/999     6.89G   0.04843   0.01542   0.01414   0.02743    0.1054       183       640         0         0         0         0         0         0         0
    19/999     6.89G    0.0482   0.01527   0.01429   0.02445    0.1022       235       640         0         0         0         0         0         0         0
    20/999     6.89G   0.04837   0.01519   0.01412   0.01951   0.09719       203       640         0         0         0         0         0         0         0
    21/999     6.89G   0.04755   0.01484    0.0139   0.01618   0.09247       194       640         0         0         0         0         0         0         0
    22/999     6.89G   0.04687   0.01457   0.01374   0.01268   0.08786       230       640         0         0         0         0         0         0         0
    23/999     6.89G   0.04549   0.01398   0.01334   0.01136   0.08417       210       640         0         0         0         0         0         0         0
    24/999     6.89G   0.04604   0.01402   0.01325   0.01069     0.084       176       640         0         0         0         0         0         0         0
    25/999     6.89G   0.04471   0.01379   0.01324    0.0105   0.08224       209       640         0         0         0         0         0         0         0
    26/999     6.89G   0.04269   0.01293   0.01304  0.008732   0.07739       195       640         0         0         0         0         0         0         0
    27/999     6.89G   0.04196   0.01268   0.01262  0.008667   0.07593       186       640         0         0         0         0         0         0         0
    28/999     6.89G   0.04153   0.01232   0.01259  0.008684   0.07513       196       640         0         0         0         0         0         0         0
    29/999     6.89G   0.04108   0.01217   0.01252  0.007814   0.07359       184       640         0         0         0         0         0         0         0
    30/999     6.89G   0.04061   0.01192    0.0124  0.007459   0.07239       198       640         0         0         0         0         0         0         0
    31/999     6.89G   0.04024   0.01184   0.01224  0.006946   0.07126       195       640         0         0         0         0         0         0         0
    32/999     6.89G   0.03984   0.01167   0.01234  0.006943   0.07079       196       640         0         0         0         0         0         0         0
    33/999     6.89G   0.03886   0.01133   0.01205  0.006872    0.0691       230       640         0         0         0         0         0         0         0
    34/999     6.89G   0.03812   0.01114   0.01201  0.006316   0.06759       223       640         0         0         0         0         0         0         0
    35/999     6.89G    0.0382   0.01106   0.01193  0.006014    0.0672       203       640         0         0         0         0         0         0         0
    36/999     6.89G   0.03883   0.01091   0.01199  0.006044   0.06778       219       640         0         0         0         0         0         0         0
    37/999     6.89G   0.03791   0.01069   0.01175  0.006156    0.0665       216       640         0         0         0         0         0         0         0
    38/999     6.89G    0.0373   0.01071   0.01187  0.006041   0.06593       192       640         0         0         0         0         0         0         0
    39/999     6.89G   0.03685    0.0101    0.0114  0.005696   0.06405       188       640         0         0         0         0         0         0         0
    40/999     6.89G   0.03649   0.01004    0.0116  0.005725   0.06385       171       640         0         0         0         0         0         0         0
