     0/499     1.82G    0.1121    0.1602   0.03372   0.06244    0.3685        39       640         0         0         0         0         0         0         0
     1/499     1.82G   0.08078   0.04714   0.02429   0.05384    0.2061        55       640         0         0         0         0         0         0         0
     2/499     1.82G   0.06966    0.0336    0.0182    0.0374    0.1589        44       640         0         0         0         0         0         0         0
     3/499     1.82G    0.0633   0.02651    0.0165   0.03245    0.1388        46       640         0         0         0         0         0         0         0
     4/499     1.82G   0.05478   0.01864   0.01515   0.03077    0.1193        41       640         0         0         0         0         0         0         0
     5/499     1.82G   0.05102   0.01636   0.01417   0.03007    0.1116        37       640         0         0         0         0         0         0         0
     6/499     1.82G   0.04901   0.01489    0.0134    0.0294    0.1067        34       640         0         0         0         0         0         0         0
     7/499     1.82G   0.04667   0.01407   0.01304   0.02967    0.1035        38       640         0         0         0         0         0         0         0
     8/499     1.82G   0.04546   0.01253   0.01292   0.02933    0.1002        42       640         0         0         0         0         0         0         0
     9/499     1.82G   0.04246   0.01081   0.01206   0.02892   0.09425        42       640         0         0         0         0         0         0         0
    10/499     1.82G   0.04033   0.01039   0.01179   0.02821   0.09072        38       640         0         0         0         0         0         0         0
    11/499     1.82G      0.04   0.01033   0.01184    0.0272   0.08937        46       640         0         0         0         0         0         0         0
    12/499     1.82G   0.04021   0.01033   0.01196   0.02548   0.08798        41       640         0         0         0         0         0         0         0
    13/499     1.82G   0.04039  0.009945   0.01206   0.02287   0.08526        34       640         0         0         0         0         0         0         0
    14/499     1.82G   0.03826  0.009224   0.01166   0.02084   0.07999        54       640         0         0         0         0         0         0         0
    15/499     1.82G     0.038  0.009018   0.01135   0.01888   0.07724        33       640         0         0         0         0         0         0         0
    16/499     1.82G   0.03921  0.009403   0.01176   0.01621   0.07658        41       640         0         0         0         0         0         0         0
    17/499     1.82G    0.0382  0.009143   0.01158   0.01424   0.07317        61       640         0         0         0         0         0         0         0
    18/499     1.82G   0.03877  0.009323   0.01136   0.01351   0.07297        35       640         0         0         0         0         0         0         0
    19/499     1.82G    0.0372   0.00899    0.0113   0.01259   0.07007        29       640         0         0         0         0         0         0         0
    20/499     1.82G   0.03721  0.008408   0.01105   0.01178   0.06846        37       640         0         0         0         0         0         0         0
    21/499     1.82G   0.03675  0.008398    0.0111   0.01295    0.0692        52       640         0         0         0         0         0         0         0
    22/499     1.82G   0.03665  0.008337   0.01073   0.01016   0.06588        35       640         0         0         0         0         0         0         0
    23/499     1.82G   0.03476   0.00737   0.01077  0.009495   0.06239        37       640         0         0         0         0         0         0         0
    24/499     1.82G    0.0374    0.0102   0.01156    0.0102   0.06936        50       640         0         0         0         0         0         0         0
    25/499     1.82G   0.03692  0.008883   0.01082  0.007812   0.06444        51       640         0         0         0         0         0         0         0
    26/499     1.82G   0.03576  0.009134    0.0107  0.007597   0.06319        54       640         0         0         0         0         0         0         0
    27/499     1.82G   0.03556  0.008976   0.01066   0.00856   0.06375        39       640         0         0         0         0         0         0         0
    28/499     1.82G   0.03492   0.00788   0.01063  0.007747   0.06119        47       640         0         0         0         0         0         0         0
    29/499     1.82G   0.03449  0.007729   0.01031   0.00821   0.06074        55       640         0         0         0         0         0         0         0
    30/499     1.82G   0.03257  0.006604  0.009981  0.004838     0.054        46       640         0         0         0         0         0         0         0
    31/499     1.82G   0.03347  0.007708   0.01027  0.006767   0.05823        31       640         0         0         0         0         0         0         0
    32/499     1.82G   0.03262  0.006644   0.01023  0.005709   0.05521        48       640         0         0         0         0         0         0         0
    33/499     1.82G   0.03326  0.007575   0.01028  0.006739   0.05786        58       640         0         0         0         0         0         0         0
    34/499     1.82G    0.0314   0.00655  0.009913  0.005377   0.05324        43       640         0         0         0         0         0         0         0
    35/499     1.82G   0.03115  0.006785  0.009555   0.00414   0.05163        52       640         0         0         0         0         0         0         0
    36/499     1.82G   0.03206  0.007512  0.009726  0.005866   0.05516        43       640         0         0         0         0         0         0         0
    37/499     1.82G   0.03277  0.006788  0.009929   0.00526   0.05475        31       640         0         0         0         0         0         0         0
    38/499     1.82G   0.03098  0.006354  0.009706  0.005397   0.05244        47       640         0         0         0         0         0         0         0
    39/499     1.82G     0.031  0.006412  0.009544  0.004816   0.05177        49       640         0         0         0         0         0         0         0
    40/499     1.82G   0.02918  0.005563  0.009372   0.00466   0.04878        24       640         0         0         0         0         0         0         0
    41/499     1.82G   0.02995  0.006446  0.009423  0.003837   0.04966        46       640         0         0         0         0         0         0         0
    42/499     1.82G   0.03077  0.006433  0.009474  0.003706   0.05038        33       640         0         0         0         0         0         0         0
    43/499     1.82G   0.03064  0.007398  0.009679  0.003846   0.05156        39       640         0         0         0         0         0         0         0
    44/499     1.82G   0.03066  0.006656  0.009747    0.0054   0.05246        45       640         0         0         0         0         0         0         0
    45/499     1.82G   0.02885  0.005896  0.009412  0.004706   0.04886        32       640         0         0         0         0         0         0         0
    46/499     1.82G   0.02859  0.005609  0.009307  0.004084   0.04759        35       640         0         0         0         0         0         0         0
    47/499     1.82G   0.02842  0.005602  0.009138  0.004254   0.04741        50       640         0         0         0         0         0         0         0
    48/499     1.82G   0.03083  0.006428   0.00963   0.00448   0.05137        43       640         0         0         0         0         0         0         0
    49/499     1.82G   0.02868  0.005428  0.009138  0.003639   0.04688        33       640         0         0         0         0         0         0         0
    50/499     1.82G   0.02723  0.005412  0.008762  0.003932   0.04534        39       640         0         0         0         0         0         0         0
    51/499     1.82G   0.02778  0.005483  0.009089  0.004809   0.04716        41       640         0         0         0         0         0         0         0
    52/499     1.82G    0.0271  0.004764   0.00879    0.0029   0.04355        46       640         0         0         0         0         0         0         0
    53/499     1.82G   0.02678  0.004931  0.008737  0.002869   0.04331        42       640         0         0         0         0         0         0         0
    54/499     1.82G   0.02849  0.005422  0.009018   0.00497    0.0479        35       640         0         0         0         0         0         0         0
    55/499     1.82G   0.02811  0.006103  0.008985   0.00389   0.04709        29       640         0         0         0         0         0         0         0
    56/499     1.82G   0.02724  0.004873  0.008599  0.002566   0.04327        58       640         0         0         0         0         0         0         0
    57/499     1.82G   0.02682  0.005115  0.008652  0.002883   0.04347        43       640         0         0         0         0         0         0         0
    58/499     1.82G   0.02725  0.005293  0.008689  0.003409   0.04464        30       640         0         0         0         0         0         0         0
    59/499     1.82G   0.02695  0.004808  0.008583  0.003737   0.04408        29       640         0         0         0         0         0         0         0
    60/499     1.82G   0.02769   0.00568  0.008934  0.004471   0.04678        44       640         0         0         0         0         0         0         0
    61/499     1.82G   0.02637  0.005011  0.008632  0.002733   0.04274        33       640         0         0         0         0         0         0         0
    62/499     1.82G   0.02693  0.005641  0.008757  0.003515   0.04484        49       640         0         0         0         0         0         0         0
    63/499     1.82G   0.03243  0.008269   0.01012  0.007075    0.0579        24       640         0         0         0         0         0         0         0
    64/499     1.82G   0.02764  0.005632  0.009034    0.0038   0.04611        48       640         0         0         0         0         0         0         0
    65/499     1.82G     0.027  0.005253  0.008788  0.003101   0.04414        40       640         0         0         0         0         0         0         0
    66/499     1.82G   0.02678  0.004911  0.008692  0.003882   0.04426        56       640         0         0         0         0         0         0         0
    67/499     1.82G   0.02639  0.005091   0.00842   0.00259   0.04249        37       640         0         0         0         0         0         0         0
    68/499     1.82G   0.02748  0.006183  0.008847  0.002669   0.04518        23       640         0         0         0         0         0         0         0
    69/499     1.82G    0.0272  0.005645  0.008905  0.004204   0.04595        41       640         0         0         0         0         0         0         0
    70/499     1.82G   0.02764  0.006123  0.008872  0.003067    0.0457        50       640         0         0         0         0         0         0         0
    71/499     1.82G   0.02684  0.006028  0.008584  0.002406   0.04386        49       640         0         0         0         0         0         0         0
    72/499     1.82G    0.0288  0.007872  0.009189  0.003381   0.04925        44       640         0         0         0         0         0         0         0
    73/499     1.82G   0.02725  0.005638  0.008821   0.00362   0.04533        53       640         0         0         0         0         0         0         0
    74/499     1.82G   0.02591  0.004973  0.008455  0.002751   0.04209        44       640         0         0         0         0         0         0         0
    75/499     1.82G   0.02558  0.005445  0.008446  0.002441   0.04191        47       640         0         0         0         0         0         0         0
    76/499     1.82G   0.02606  0.005142   0.00854   0.00216   0.04191        50       640         0         0         0         0         0         0         0
    77/499     1.82G   0.02544  0.004629  0.008186  0.002413   0.04067        52       640         0         0         0         0         0         0         0
    78/499     1.82G   0.02576  0.005606  0.008575  0.003113   0.04306        52       640         0         0         0         0         0         0         0
    79/499     1.82G   0.02585  0.004949  0.008409  0.003274   0.04248        40       640         0         0         0         0         0         0         0
    80/499     1.82G   0.02575  0.005282  0.008301  0.002438   0.04177        31       640         0         0         0         0         0         0         0
    81/499     1.82G   0.02494  0.004647  0.008289  0.002218   0.04009        38       640         0         0         0         0         0         0         0
    82/499     1.82G   0.02464   0.00469  0.008226  0.002598   0.04015        43       640         0         0         0         0         0         0         0
    83/499     1.82G   0.02434  0.004452  0.008135  0.002089   0.03902        30       640         0         0         0         0         0         0         0
    84/499     1.82G   0.02407  0.004439  0.008106  0.002439   0.03905        42       640         0         0         0         0         0         0         0
    85/499     1.82G   0.02543  0.005443  0.008412  0.002386   0.04167        40       640         0         0         0         0         0         0         0
    86/499     1.82G    0.0267  0.005777  0.008636  0.003332   0.04444        40       640         0         0         0         0         0         0         0
    87/499     1.82G   0.02462  0.004606  0.008326  0.002757   0.04031        32       640         0         0         0         0         0         0         0
    88/499     1.82G   0.02432  0.004537  0.008318  0.002693   0.03987        43       640         0         0         0         0         0         0         0
    89/499     1.82G   0.02392  0.004374  0.008074  0.002234   0.03861        46       640         0         0         0         0         0         0         0
    90/499     1.82G   0.02509  0.004561  0.008396  0.004969   0.04302        54       640         0         0         0         0         0         0         0
    91/499     1.82G   0.02445  0.004691  0.008244  0.002262   0.03965        46       640         0         0         0         0         0         0         0
    92/499     1.82G   0.02314  0.004124  0.007791  0.001781   0.03683        41       640         0         0         0         0         0         0         0
    93/499     1.82G   0.02623  0.005444  0.008399  0.002305   0.04238        41       640         0         0         0         0         0         0         0
    94/499     1.82G    0.0246  0.004934    0.0082  0.002265      0.04        37       640         0         0         0         0         0         0         0
    95/499     1.82G   0.02421   0.00494   0.00814  0.001935   0.03923        37       640         0         0         0         0         0         0         0
    96/499     1.82G   0.02344  0.004361  0.007759   0.00167   0.03723        35       640         0         0         0         0         0         0         0
    97/499     1.82G   0.02327  0.005001  0.007959  0.001653   0.03788        46       640         0         0         0         0         0         0         0
    98/499     1.82G   0.02339  0.004542  0.007819  0.002057   0.03781        46       640         0         0         0         0         0         0         0
    99/499     1.82G   0.02491   0.00457  0.008208  0.003674   0.04136        51       640         0         0         0         0         0         0         0
   100/499     1.82G   0.02395  0.004335  0.008037  0.002846   0.03917        39       640         0         0         0         0         0         0         0
   101/499     1.82G   0.02351  0.004243  0.007852  0.002502    0.0381        51       640         0         0         0         0         0         0         0
   102/499     1.82G   0.02312  0.004107  0.007862  0.002569   0.03765        32       640         0         0         0         0         0         0         0
   103/499     1.82G   0.02309  0.004772   0.00772   0.00214   0.03772        43       640         0         0         0         0         0         0         0
   104/499     1.82G   0.02557  0.005413  0.008607  0.006112   0.04571        36       640         0         0         0         0         0         0         0
   105/499     1.82G   0.02501  0.005191  0.008328  0.002942   0.04147        32       640         0         0         0         0         0         0         0
   106/499     1.82G   0.02533  0.005571  0.008397  0.003498    0.0428        42       640         0         0         0         0         0         0         0
   107/499     1.82G   0.02537  0.005333  0.008179  0.002348   0.04123        48       640         0         0         0         0         0         0         0
   108/499     1.82G   0.02363  0.004302  0.007769  0.001992    0.0377        45       640         0         0         0         0         0         0         0
   109/499     1.82G   0.02329  0.004051  0.007875  0.002494   0.03771        27       640         0         0         0         0         0         0         0
   110/499     1.82G   0.02281  0.004496  0.007695  0.001607   0.03661        60       640         0         0         0         0         0         0         0
   111/499     1.82G   0.02255  0.004438   0.00772   0.00186   0.03656        43       640         0         0         0         0         0         0         0
   112/499     1.82G   0.02334  0.004853  0.007668  0.002027   0.03789        21       640         0         0         0         0         0         0         0
   113/499     1.82G   0.02501   0.00613  0.008493    0.0041   0.04373        53       640         0         0         0         0         0         0         0
   114/499     1.82G   0.02481  0.005445   0.00845  0.003231   0.04194        44       640         0         0         0         0         0         0         0
   115/499     1.82G   0.02361  0.004604  0.007948  0.002249   0.03841        28       640         0         0         0         0         0         0         0
   116/499     1.82G   0.02316  0.004088  0.007894  0.001898   0.03704        22       640         0         0         0         0         0         0         0
   117/499     1.82G   0.02345  0.004938  0.008025  0.002518   0.03893        42       640         0         0         0         0         0         0         0
   118/499     1.82G   0.02706  0.006837  0.008757  0.004439    0.0471        49       640         0         0         0         0         0         0         0
   119/499     1.82G   0.02446  0.005064  0.008016  0.002235   0.03978        38       640         0         0         0         0         0         0         0
   120/499     1.82G   0.02529  0.006341  0.008534  0.002449   0.04262        44       640         0         0         0         0         0         0         0
   121/499     1.82G   0.02367  0.004357  0.007911  0.001924   0.03786        48       640         0         0         0         0         0         0         0
   122/499     1.82G   0.02278    0.0043   0.00789  0.001657   0.03663        46       640         0         0         0         0         0         0         0
   123/499     1.82G   0.02216   0.00431  0.007709  0.001712   0.03589        58       640         0         0         0         0         0         0         0
   124/499     1.82G   0.02254  0.004483  0.007665  0.001546   0.03624        43       640         0         0         0         0         0         0         0
   125/499     1.82G   0.02265  0.004542  0.007598  0.002132   0.03693        36       640         0         0         0         0         0         0         0
   126/499     1.82G   0.02243  0.004515  0.007604  0.001631   0.03618        53       640         0         0         0         0         0         0         0
   127/499     1.82G   0.02138  0.003975  0.007338  0.001491   0.03418        30       640         0         0         0         0         0         0         0
   128/499     1.82G   0.02384  0.005282  0.008137  0.002517   0.03978        31       640         0         0         0         0         0         0         0
   129/499     1.82G   0.02322  0.004281  0.008033  0.002807   0.03834        56       640         0         0         0         0         0         0         0
   130/499     1.82G   0.02274  0.004108  0.007609  0.002256   0.03671        52       640         0         0         0         0         0         0         0
   131/499     1.82G   0.02273  0.004471  0.007667  0.002813   0.03768        40       640         0         0         0         0         0         0         0
   132/499     1.82G   0.02117  0.003863  0.007388   0.00155   0.03397        67       640         0         0         0         0         0         0         0
   133/499     1.82G   0.02186  0.003909  0.007462  0.001735   0.03496        49       640         0         0         0         0         0         0         0
   134/499     1.82G   0.02147  0.003484  0.007261  0.001664   0.03388        41       640         0         0         0         0         0         0         0
   135/499     1.82G   0.02084  0.003703  0.007261  0.001294    0.0331        45       640         0         0         0         0         0         0         0
   136/499     1.82G   0.02139  0.003969  0.007442  0.001714   0.03452        60       640         0         0         0         0         0         0         0
   137/499     1.82G   0.02226  0.003948  0.007609  0.002863   0.03668        37       640         0         0         0         0         0         0         0
   138/499     1.82G   0.02084  0.003929  0.007225  0.001498   0.03349        38       640         0         0         0         0         0         0         0
   139/499     1.82G   0.02117  0.003769  0.007323  0.001488   0.03374        54       640         0         0         0         0         0         0         0
   140/499     1.82G    0.0209  0.004119  0.007244  0.001333   0.03359        34       640         0         0         0         0         0         0         0
   141/499     1.82G   0.02275  0.004837   0.00781    0.0023    0.0377        57       640         0         0         0         0         0         0         0
   142/499     1.82G   0.02201  0.004239  0.007673  0.002169   0.03609        39       640         0         0         0         0         0         0         0
   143/499     1.82G    0.0208  0.003628  0.007437  0.001433    0.0333        29       640         0         0         0         0         0         0         0
   144/499     1.82G   0.02083  0.003521  0.007262  0.001436   0.03305        41       640         0         0         0         0         0         0         0
   145/499     1.82G   0.02076   0.00383  0.007276   0.00157   0.03344        20       640         0         0         0         0         0         0         0
   146/499     1.82G   0.02055  0.003526  0.007343  0.001867   0.03329        47       640         0         0         0         0         0         0         0
   147/499     1.82G   0.02064  0.003285  0.007217  0.001613   0.03275        32       640         0         0         0         0         0         0         0
   148/499     1.82G   0.02056  0.003544  0.007144  0.001562   0.03281        35       640         0         0         0         0         0         0         0
   149/499     1.82G   0.02084  0.003673  0.007204  0.001434   0.03315        36       640         0         0         0         0         0         0         0
   150/499     1.82G    0.0266  0.009813  0.009336  0.004327   0.05008        35       640         0         0         0         0         0         0         0
   151/499     1.82G   0.02504  0.006441  0.008574  0.003298   0.04335        40       640         0         0         0         0         0         0         0
   152/499     1.82G   0.02229  0.004816  0.007723  0.001877    0.0367        34       640         0         0         0         0         0         0         0
   153/499     1.82G   0.02097  0.004388  0.007497  0.001636    0.0345        42       640         0         0         0         0         0         0         0
   154/499     1.82G   0.02098  0.003773  0.007322  0.001533   0.03361        52       640         0         0         0         0         0         0         0
   155/499     1.82G   0.02037  0.004014   0.00724  0.001372   0.03299        37       640         0         0         0         0         0         0         0
   156/499     1.82G   0.02252  0.004937  0.008121  0.002586   0.03816        33       640         0         0         0         0         0         0         0
   157/499     1.82G   0.02213  0.004174  0.007819   0.00292   0.03705        35       640         0         0         0         0         0         0         0
   158/499     1.82G   0.02173  0.004053  0.007429  0.002003   0.03522        30       640         0         0         0         0         0         0         0
   159/499     1.82G   0.02172  0.004266  0.007662  0.001761   0.03541        39       640         0         0         0         0         0         0         0
   160/499     1.82G   0.02063  0.003801  0.007377  0.002282   0.03409        43       640         0         0         0         0         0         0         0
   161/499     1.82G   0.02127  0.004444  0.007564  0.002244   0.03552        39       640         0         0         0         0         0         0         0
   162/499     1.82G   0.01999  0.003626  0.007212  0.001359   0.03219        36       640         0         0         0         0         0         0         0
   163/499     1.82G   0.01969  0.003464  0.007115  0.001633    0.0319        35       640         0         0         0         0         0         0         0
   164/499     1.82G   0.01992  0.003987  0.007218   0.00162   0.03275        30       640         0         0         0         0         0         0         0
   165/499     1.82G   0.01966  0.003692  0.007022  0.001375   0.03175        44       640         0         0         0         0         0         0         0
   166/499     1.82G   0.01983  0.003329  0.007104  0.001267   0.03153        38       640         0         0         0         0         0         0         0
   167/499     1.82G   0.01901  0.003073  0.007005  0.001228   0.03032        29       640         0         0         0         0         0         0         0
   168/499     1.82G   0.02055  0.003762  0.007168  0.001363   0.03284        54       640         0         0         0         0         0         0         0
   169/499     1.82G   0.02436  0.006916  0.008548  0.003463   0.04329        53       640         0         0         0         0         0         0         0
   170/499     1.82G   0.02307  0.004932  0.007993   0.00419   0.04019        54       640         0         0         0         0         0         0         0
   171/499     1.82G    0.0219  0.004159  0.007745  0.003286   0.03709        36       640         0         0         0         0         0         0         0
   172/499     1.82G   0.02001  0.003756  0.007213  0.001574   0.03255        36       640         0         0         0         0         0         0         0
   173/499     1.82G   0.01975  0.003577  0.007109  0.001414   0.03185        36       640         0         0         0         0         0         0         0
   174/499     1.82G   0.01942   0.00348  0.007081  0.001423   0.03141        33       640         0         0         0         0         0         0         0
   175/499     1.82G   0.01999  0.004065  0.007284  0.001458   0.03279        35       640         0         0         0         0         0         0         0
   176/499     1.82G   0.01975  0.004013  0.007039  0.001383   0.03218        50       640         0         0         0         0         0         0         0
   177/499     1.82G   0.01971  0.003618  0.007076  0.001333   0.03173        33       640         0         0         0         0         0         0         0
   178/499     1.82G   0.02019  0.003919  0.007235  0.001488   0.03283        43       640         0         0         0         0         0         0         0
   179/499     1.82G   0.01957  0.003379  0.007204  0.002003   0.03216        38       640         0         0         0         0         0         0         0
   180/499     1.82G   0.01918  0.003334    0.0071  0.001378   0.03099        34       640         0         0         0         0         0         0         0
   181/499     1.82G    0.0188  0.003225  0.006866  0.001284   0.03017        46       640         0         0         0         0         0         0         0
   182/499     1.82G    0.0183  0.002901  0.006786  0.001143   0.02913        26       640         0         0         0         0         0         0         0
   183/499     1.82G   0.01906  0.003151  0.006975  0.001445   0.03063        34       640         0         0         0         0         0         0         0
   184/499     1.82G   0.02131  0.003806  0.007928  0.004546   0.03759        33       640         0         0         0         0         0         0         0
   185/499     1.82G   0.01944  0.003454  0.007157  0.002069   0.03212        41       640         0         0         0         0         0         0         0
   186/499     1.82G   0.01899  0.003312  0.007006   0.00196   0.03127        32       640         0         0         0         0         0         0         0
   187/499     1.82G   0.02039  0.003956  0.007218   0.00203   0.03359        41       640         0         0         0         0         0         0         0
   188/499     1.82G   0.02014  0.003694  0.007302  0.001498   0.03263        31       640         0         0         0         0         0         0         0
   189/499     1.82G   0.01892  0.003172  0.006832  0.001183   0.03011        68       640         0         0         0         0         0         0         0
   190/499     1.82G   0.01868  0.003305    0.0068  0.001217      0.03        49       640         0         0         0         0         0         0         0
   191/499     1.82G    0.0187   0.00308  0.006928  0.001139   0.02984        34       640         0         0         0         0         0         0         0
   192/499     1.82G   0.01891   0.00337   0.00683  0.001423   0.03053        54       640         0         0         0         0         0         0         0
   193/499     1.82G   0.01859   0.00336  0.006829  0.001373   0.03015        34       640         0         0         0         0         0         0         0
   194/499     1.82G   0.01813  0.002972  0.006619   0.00114   0.02886        25       640         0         0         0         0         0         0         0
   195/499     1.82G   0.01864  0.003125  0.006791    0.0014   0.02996        43       640         0         0         0         0         0         0         0
   196/499     1.82G    0.0196  0.003342  0.006981  0.001455   0.03138        25       640         0         0         0         0         0         0         0
   197/499     1.82G   0.01829  0.002772  0.006673  0.001098   0.02884        29       640         0         0         0         0         0         0         0
   198/499     1.82G   0.01804  0.002799   0.00666  0.001127   0.02863        38       640         0         0         0         0         0         0         0
   199/499     1.82G   0.01717  0.002564  0.006453  0.001065   0.02725        36       640         0         0         0         0         0         0         0
   200/499     1.82G   0.01718  0.002642  0.006569  0.001197   0.02759        34       640         0         0         0         0         0         0         0
   201/499     1.82G   0.01746  0.002541  0.006622  0.001188   0.02781        41       640         0         0         0         0         0         0         0
   202/499     1.82G    0.0186  0.002898  0.006773  0.001893   0.03017        37       640         0         0         0         0         0         0         0
   203/499     1.82G   0.01765  0.002734  0.006578   0.00121   0.02818        31       640         0         0         0         0         0         0         0
   204/499     1.82G   0.01873  0.003268  0.006873  0.002339   0.03121        44       640         0         0         0         0         0         0         0
   205/499     1.82G   0.01949   0.00446  0.007225  0.001857   0.03303        52       640         0         0         0         0         0         0         0
   206/499     1.82G   0.01906   0.00378  0.007059  0.001386   0.03128        42       640         0         0         0         0         0         0         0
   207/499     1.82G   0.01854  0.003568  0.006881  0.001406   0.03039        34       640         0         0         0         0         0         0         0
   208/499     1.82G   0.01784  0.002844  0.006706  0.001151   0.02854        41       640         0         0         0         0         0         0         0
   209/499     1.82G   0.01738  0.002615  0.006437 0.0009117   0.02734        48       640         0         0         0         0         0         0         0
   210/499     1.82G   0.01731  0.002403  0.006369 0.0009495   0.02703        44       640         0         0         0         0         0         0         0
   211/499     1.82G   0.01699   0.00255  0.006381  0.001014   0.02693        40       640         0         0         0         0         0         0         0
   212/499     1.82G    0.0172  0.002386  0.006306  0.001064   0.02696        45       640         0         0         0         0         0         0         0
   213/499     1.82G   0.01661  0.002878  0.006363  0.001005   0.02686        45       640         0         0         0         0         0         0         0
   214/499     1.82G   0.01701  0.002665  0.006443  0.001445   0.02757        38       640         0         0         0         0         0         0         0
   215/499     1.82G   0.01645  0.002328  0.006338   0.00101   0.02613        45       640         0         0         0         0         0         0         0
   216/499     1.82G    0.0177  0.003013  0.006418  0.001184   0.02832        42       640         0         0         0         0         0         0         0
   217/499     1.82G   0.01804  0.003065   0.00678  0.002003   0.02989        34       640         0         0         0         0         0         0         0
